106346.949989	-35312.414301	-26904.696443	20833.333670	-79442.253546	14479.080631
-35312.414301	74461.124740	41666.666563	-67261.741358	-6354.252262	-7199.383382
-26904.696443	41666.666563	47619.047501	0.000000	-20714.351058	-41666.666563
20833.333670	-67261.741358	0.000000	119047.619195	-20833.333670	-51785.877837
-79442.253546	-6354.252262	-20714.351058	-20833.333670	100156.604603	27187.585932
14479.080631	-7199.383382	-41666.666563	-51785.877837	27187.585932	58985.261219
